2 3 0 0.125 0.1875
2 2 0 0.125 0.3125
2 1 0 0.125 0.4375
2 0 0 0.125 0.5625
2 -1 0 0.125 0.6875
2 -2 0 0.125 0.8125
1 4 0 0.375 0.0625
1 3 0 0.375 0.1875
1 2 0 0.375 0.3125
1 1 0 0.375 0.4375
1 0 0 0.375 0.5625
1 -1 0 0.375 0.6875
1 -2 0 0.375 0.8125
1 -3 0 0.375 0.9375
0 4 0 0.625 0.0625
0 3 0 0.625 0.1875
0 2 0 0.625 0.3125
0 1 0 0.625 0.4375
0 0 0 0.625 0.5625
0 -1 0 0.625 0.6875
0 -2 0 0.625 0.8125
0 -3 0 0.625 0.9375
-1 3 0 0.875 0.1875
-1 2 0 0.875 0.3125
-1 1 0 0.875 0.4375
-1 0 0 0.875 0.5625
-1 -1 0 0.875 0.6875
-1 -2 0 0.875 0.8125
