13.5 -6.5 0 0.0185185 0.7
13.5 -7.5 0 0.0185185 0.728571
13.5 -8.5 0 0.0185185 0.757143
13.5 -9.5 0 0.0185185 0.785714
12.5 -3.5 0 0.0555556 0.614286
12.5 -4.5 0 0.0555556 0.642857
12.5 -5.5 0 0.0555556 0.671429
12.5 -6.5 0 0.0555556 0.7
12.5 -7.5 0 0.0555556 0.728571
12.5 -8.5 0 0.0555556 0.757143
12.5 -9.5 0 0.0555556 0.785714
12.5 -10.5 0 0.0555556 0.814286
12.5 -11.5 0 0.0555556 0.842857
12.5 -12.5 0 0.0555556 0.871429
11.5 -0.5 0 0.0925926 0.528571
11.5 -1.5 0 0.0925926 0.557143
11.5 -2.5 0 0.0925926 0.585714
11.5 -3.5 0 0.0925926 0.614286
11.5 -4.5 0 0.0925926 0.642857
11.5 -5.5 0 0.0925926 0.671429
11.5 -6.5 0 0.0925926 0.7
11.5 -7.5 0 0.0925926 0.728571
11.5 -8.5 0 0.0925926 0.757143
11.5 -9.5 0 0.0925926 0.785714
11.5 -10.5 0 0.0925926 0.814286
11.5 -11.5 0 0.0925926 0.842857
11.5 -12.5 0 0.0925926 0.871429
11.5 -13.5 0 0.0925926 0.9
11.5 -14.5 0 0.0925926 0.928571
10.5 6.5 0 0.12963 0.328571
10.5 5.5 0 0.12963 0.357143
10.5 4.5 0 0.12963 0.385714
10.5 3.5 0 0.12963 0.414286
10.5 2.5 0 0.12963 0.442857
10.5 1.5 0 0.12963 0.471429
10.5 0.5 0 0.12963 0.5
10.5 -0.5 0 0.12963 0.528571
10.5 -1.5 0 0.12963 0.557143
10.5 -2.5 0 0.12963 0.585714
10.5 -3.5 0 0.12963 0.614286
10.5 -4.5 0 0.12963 0.642857
10.5 -5.5 0 0.12963 0.671429
10.5 -6.5 0 0.12963 0.7
10.5 -7.5 0 0.12963 0.728571
10.5 -8.5 0 0.12963 0.757143
10.5 -9.5 0 0.12963 0.785714
10.5 -10.5 0 0.12963 0.814286
10.5 -11.5 0 0.12963 0.842857
10.5 -12.5 0 0.12963 0.871429
10.5 -13.5 0 0.12963 0.9
10.5 -14.5 0 0.12963 0.928571
10.5 -15.5 0 0.12963 0.957143
10.5 -16.5 0 0.12963 0.985714
9.5 8.5 0 0.166667 0.271429
9.5 7.5 0 0.166667 0.3
9.5 6.5 0 0.166667 0.328571
9.5 5.5 0 0.166667 0.357143
9.5 4.5 0 0.166667 0.385714
9.5 3.5 0 0.166667 0.414286
9.5 2.5 0 0.166667 0.442857
9.5 1.5 0 0.166667 0.471429
9.5 0.5 0 0.166667 0.5
9.5 -0.5 0 0.166667 0.528571
9.5 -1.5 0 0.166667 0.557143
9.5 -2.5 0 0.166667 0.585714
9.5 -3.5 0 0.166667 0.614286
9.5 -4.5 0 0.166667 0.642857
9.5 -5.5 0 0.166667 0.671429
9.5 -6.5 0 0.166667 0.7
9.5 -7.5 0 0.166667 0.728571
9.5 -8.5 0 0.166667 0.757143
9.5 -9.5 0 0.166667 0.785714
9.5 -10.5 0 0.166667 0.814286
9.5 -11.5 0 0.166667 0.842857
9.5 -12.5 0 0.166667 0.871429
9.5 -13.5 0 0.166667 0.9
9.5 -14.5 0 0.166667 0.928571
9.5 -15.5 0 0.166667 0.957143
9.5 -16.5 0 0.166667 0.985714
8.5 8.5 0 0.203704 0.271429
8.5 7.5 0 0.203704 0.3
8.5 6.5 0 0.203704 0.328571
8.5 5.5 0 0.203704 0.357143
8.5 4.5 0 0.203704 0.385714
8.5 3.5 0 0.203704 0.414286
8.5 2.5 0 0.203704 0.442857
8.5 1.5 0 0.203704 0.471429
8.5 0.5 0 0.203704 0.5
8.5 -0.5 0 0.203704 0.528571
8.5 -1.5 0 0.203704 0.557143
8.5 -2.5 0 0.203704 0.585714
8.5 -3.5 0 0.203704 0.614286
8.5 -4.5 0 0.203704 0.642857
8.5 -5.5 0 0.203704 0.671429
8.5 -6.5 0 0.203704 0.7
8.5 -7.5 0 0.203704 0.728571
8.5 -8.5 0 0.203704 0.757143
8.5 -9.5 0 0.203704 0.785714
8.5 -10.5 0 0.203704 0.814286
8.5 -11.5 0 0.203704 0.842857
8.5 -12.5 0 0.203704 0.871429
8.5 -13.5 0 0.203704 0.9
8.5 -14.5 0 0.203704 0.928571
8.5 -15.5 0 0.203704 0.957143
8.5 -16.5 0 0.203704 0.985714
7.5 8.5 0 0.240741 0.271429
7.5 7.5 0 0.240741 0.3
7.5 6.5 0 0.240741 0.328571
7.5 5.5 0 0.240741 0.357143
7.5 4.5 0 0.240741 0.385714
7.5 3.5 0 0.240741 0.414286
7.5 2.5 0 0.240741 0.442857
7.5 1.5 0 0.240741 0.471429
7.5 0.5 0 0.240741 0.5
7.5 -0.5 0 0.240741 0.528571
7.5 -1.5 0 0.240741 0.557143
7.5 -2.5 0 0.240741 0.585714
7.5 -3.5 0 0.240741 0.614286
7.5 -4.5 0 0.240741 0.642857
7.5 -5.5 0 0.240741 0.671429
7.5 -6.5 0 0.240741 0.7
7.5 -7.5 0 0.240741 0.728571
7.5 -8.5 0 0.240741 0.757143
7.5 -9.5 0 0.240741 0.785714
7.5 -10.5 0 0.240741 0.814286
7.5 -11.5 0 0.240741 0.842857
7.5 -12.5 0 0.240741 0.871429
7.5 -13.5 0 0.240741 0.9
7.5 -14.5 0 0.240741 0.928571
7.5 -15.5 0 0.240741 0.957143
6.5 9.5 0 0.277778 0.242857
6.5 8.5 0 0.277778 0.271429
6.5 7.5 0 0.277778 0.3
6.5 6.5 0 0.277778 0.328571
6.5 5.5 0 0.277778 0.357143
6.5 4.5 0 0.277778 0.385714
6.5 3.5 0 0.277778 0.414286
6.5 2.5 0 0.277778 0.442857
6.5 1.5 0 0.277778 0.471429
6.5 0.5 0 0.277778 0.5
6.5 -0.5 0 0.277778 0.528571
6.5 -1.5 0 0.277778 0.557143
6.5 -2.5 0 0.277778 0.585714
6.5 -3.5 0 0.277778 0.614286
6.5 -4.5 0 0.277778 0.642857
6.5 -5.5 0 0.277778 0.671429
6.5 -6.5 0 0.277778 0.7
6.5 -7.5 0 0.277778 0.728571
6.5 -8.5 0 0.277778 0.757143
6.5 -9.5 0 0.277778 0.785714
6.5 -10.5 0 0.277778 0.814286
6.5 -11.5 0 0.277778 0.842857
6.5 -12.5 0 0.277778 0.871429
6.5 -13.5 0 0.277778 0.9
5.5 12.5 0 0.314815 0.157143
5.5 11.5 0 0.314815 0.185714
5.5 10.5 0 0.314815 0.214286
5.5 9.5 0 0.314815 0.242857
5.5 8.5 0 0.314815 0.271429
5.5 7.5 0 0.314815 0.3
5.5 6.5 0 0.314815 0.328571
5.5 5.5 0 0.314815 0.357143
5.5 4.5 0 0.314815 0.385714
5.5 3.5 0 0.314815 0.414286
5.5 2.5 0 0.314815 0.442857
5.5 1.5 0 0.314815 0.471429
5.5 0.5 0 0.314815 0.5
5.5 -0.5 0 0.314815 0.528571
5.5 -1.5 0 0.314815 0.557143
5.5 -2.5 0 0.314815 0.585714
5.5 -3.5 0 0.314815 0.614286
5.5 -4.5 0 0.314815 0.642857
5.5 -5.5 0 0.314815 0.671429
5.5 -6.5 0 0.314815 0.7
5.5 -7.5 0 0.314815 0.728571
5.5 -8.5 0 0.314815 0.757143
5.5 -9.5 0 0.314815 0.785714
5.5 -10.5 0 0.314815 0.814286
5.5 -11.5 0 0.314815 0.842857
5.5 -12.5 0 0.314815 0.871429
4.5 13.5 0 0.351852 0.128571
4.5 12.5 0 0.351852 0.157143
4.5 11.5 0 0.351852 0.185714
4.5 10.5 0 0.351852 0.214286
4.5 9.5 0 0.351852 0.242857
4.5 8.5 0 0.351852 0.271429
4.5 7.5 0 0.351852 0.3
4.5 6.5 0 0.351852 0.328571
4.5 5.5 0 0.351852 0.357143
4.5 4.5 0 0.351852 0.385714
4.5 3.5 0 0.351852 0.414286
4.5 2.5 0 0.351852 0.442857
4.5 1.5 0 0.351852 0.471429
4.5 0.5 0 0.351852 0.5
4.5 -0.5 0 0.351852 0.528571
4.5 -1.5 0 0.351852 0.557143
4.5 -2.5 0 0.351852 0.585714
4.5 -3.5 0 0.351852 0.614286
4.5 -4.5 0 0.351852 0.642857
4.5 -5.5 0 0.351852 0.671429
4.5 -6.5 0 0.351852 0.7
4.5 -7.5 0 0.351852 0.728571
4.5 -8.5 0 0.351852 0.757143
4.5 -9.5 0 0.351852 0.785714
4.5 -10.5 0 0.351852 0.814286
4.5 -11.5 0 0.351852 0.842857
4.5 -12.5 0 0.351852 0.871429
4.5 -13.5 0 0.351852 0.9
4.5 -14.5 0 0.351852 0.928571
4.5 -15.5 0 0.351852 0.957143
4.5 -16.5 0 0.351852 0.985714
3.5 13.5 0 0.388889 0.128571
3.5 12.5 0 0.388889 0.157143
3.5 11.5 0 0.388889 0.185714
3.5 10.5 0 0.388889 0.214286
3.5 9.5 0 0.388889 0.242857
3.5 8.5 0 0.388889 0.271429
3.5 7.5 0 0.388889 0.3
3.5 6.5 0 0.388889 0.328571
3.5 5.5 0 0.388889 0.357143
3.5 4.5 0 0.388889 0.385714
3.5 3.5 0 0.388889 0.414286
3.5 2.5 0 0.388889 0.442857
3.5 1.5 0 0.388889 0.471429
3.5 0.5 0 0.388889 0.5
3.5 -0.5 0 0.388889 0.528571
3.5 -10.5 0 0.388889 0.814286
3.5 -11.5 0 0.388889 0.842857
3.5 -12.5 0 0.388889 0.871429
3.5 -13.5 0 0.388889 0.9
3.5 -14.5 0 0.388889 0.928571
3.5 -15.5 0 0.388889 0.957143
3.5 -16.5 0 0.388889 0.985714
2.5 13.5 0 0.425926 0.128571
2.5 12.5 0 0.425926 0.157143
2.5 11.5 0 0.425926 0.185714
2.5 10.5 0 0.425926 0.214286
2.5 9.5 0 0.425926 0.242857
2.5 8.5 0 0.425926 0.271429
2.5 7.5 0 0.425926 0.3
2.5 6.5 0 0.425926 0.328571
2.5 5.5 0 0.425926 0.357143
2.5 4.5 0 0.425926 0.385714
2.5 3.5 0 0.425926 0.414286
2.5 2.5 0 0.425926 0.442857
2.5 1.5 0 0.425926 0.471429
2.5 0.5 0 0.425926 0.5
2.5 -0.5 0 0.425926 0.528571
2.5 -1.5 0 0.425926 0.557143
2.5 -2.5 0 0.425926 0.585714
2.5 -3.5 0 0.425926 0.614286
2.5 -4.5 0 0.425926 0.642857
2.5 -5.5 0 0.425926 0.671429
2.5 -6.5 0 0.425926 0.7
2.5 -7.5 0 0.425926 0.728571
2.5 -8.5 0 0.425926 0.757143
2.5 -9.5 0 0.425926 0.785714
2.5 -10.5 0 0.425926 0.814286
2.5 -11.5 0 0.425926 0.842857
2.5 -12.5 0 0.425926 0.871429
2.5 -13.5 0 0.425926 0.9
2.5 -14.5 0 0.425926 0.928571
2.5 -15.5 0 0.425926 0.957143
2.5 -16.5 0 0.425926 0.985714
1.5 17.5 0 0.462963 0.0142857
1.5 16.5 0 0.462963 0.0428571
1.5 15.5 0 0.462963 0.0714286
1.5 14.5 0 0.462963 0.1
1.5 13.5 0 0.462963 0.128571
1.5 12.5 0 0.462963 0.157143
1.5 11.5 0 0.462963 0.185714
1.5 10.5 0 0.462963 0.214286
1.5 9.5 0 0.462963 0.242857
1.5 8.5 0 0.462963 0.271429
1.5 7.5 0 0.462963 0.3
1.5 6.5 0 0.462963 0.328571
1.5 5.5 0 0.462963 0.357143
1.5 4.5 0 0.462963 0.385714
1.5 3.5 0 0.462963 0.414286
1.5 2.5 0 0.462963 0.442857
1.5 1.5 0 0.462963 0.471429
1.5 0.5 0 0.462963 0.5
1.5 -0.5 0 0.462963 0.528571
1.5 -1.5 0 0.462963 0.557143
1.5 -2.5 0 0.462963 0.585714
1.5 -3.5 0 0.462963 0.614286
1.5 -4.5 0 0.462963 0.642857
1.5 -5.5 0 0.462963 0.671429
1.5 -6.5 0 0.462963 0.7
1.5 -7.5 0 0.462963 0.728571
1.5 -8.5 0 0.462963 0.757143
1.5 -9.5 0 0.462963 0.785714
1.5 -10.5 0 0.462963 0.814286
1.5 -11.5 0 0.462963 0.842857
1.5 -12.5 0 0.462963 0.871429
1.5 -13.5 0 0.462963 0.9
1.5 -14.5 0 0.462963 0.928571
1.5 -15.5 0 0.462963 0.957143
1.5 -16.5 0 0.462963 0.985714
0.5 17.5 0 0.5 0.0142857
0.5 16.5 0 0.5 0.0428571
0.5 15.5 0 0.5 0.0714286
0.5 14.5 0 0.5 0.1
0.5 13.5 0 0.5 0.128571
0.5 12.5 0 0.5 0.157143
0.5 11.5 0 0.5 0.185714
0.5 10.5 0 0.5 0.214286
0.5 9.5 0 0.5 0.242857
0.5 8.5 0 0.5 0.271429
0.5 7.5 0 0.5 0.3
0.5 6.5 0 0.5 0.328571
0.5 5.5 0 0.5 0.357143
0.5 4.5 0 0.5 0.385714
0.5 3.5 0 0.5 0.414286
0.5 2.5 0 0.5 0.442857
0.5 1.5 0 0.5 0.471429
0.5 0.5 0 0.5 0.5
0.5 -0.5 0 0.5 0.528571
0.5 -1.5 0 0.5 0.557143
0.5 -2.5 0 0.5 0.585714
0.5 -3.5 0 0.5 0.614286
0.5 -4.5 0 0.5 0.642857
0.5 -5.5 0 0.5 0.671429
0.5 -6.5 0 0.5 0.7
0.5 -7.5 0 0.5 0.728571
0.5 -8.5 0 0.5 0.757143
0.5 -9.5 0 0.5 0.785714
0.5 -10.5 0 0.5 0.814286
0.5 -11.5 0 0.5 0.842857
0.5 -12.5 0 0.5 0.871429
0.5 -13.5 0 0.5 0.9
0.5 -14.5 0 0.5 0.928571
0.5 -15.5 0 0.5 0.957143
-0.5 17.5 0 0.537037 0.0142857
-0.5 16.5 0 0.537037 0.0428571
-0.5 15.5 0 0.537037 0.0714286
-0.5 14.5 0 0.537037 0.1
-0.5 13.5 0 0.537037 0.128571
-0.5 12.5 0 0.537037 0.157143
-0.5 11.5 0 0.537037 0.185714
-0.5 10.5 0 0.537037 0.214286
-0.5 9.5 0 0.537037 0.242857
-0.5 8.5 0 0.537037 0.271429
-0.5 7.5 0 0.537037 0.3
-0.5 6.5 0 0.537037 0.328571
-0.5 5.5 0 0.537037 0.357143
-0.5 4.5 0 0.537037 0.385714
-0.5 3.5 0 0.537037 0.414286
-0.5 2.5 0 0.537037 0.442857
-0.5 1.5 0 0.537037 0.471429
-0.5 0.5 0 0.537037 0.5
-0.5 -0.5 0 0.537037 0.528571
-0.5 -1.5 0 0.537037 0.557143
-0.5 -2.5 0 0.537037 0.585714
-0.5 -3.5 0 0.537037 0.614286
-0.5 -4.5 0 0.537037 0.642857
-0.5 -5.5 0 0.537037 0.671429
-0.5 -6.5 0 0.537037 0.7
-0.5 -7.5 0 0.537037 0.728571
-0.5 -8.5 0 0.537037 0.757143
-0.5 -9.5 0 0.537037 0.785714
-0.5 -10.5 0 0.537037 0.814286
-0.5 -11.5 0 0.537037 0.842857
-0.5 -12.5 0 0.537037 0.871429
-0.5 -13.5 0 0.537037 0.9
-0.5 -14.5 0 0.537037 0.928571
-0.5 -15.5 0 0.537037 0.957143
-0.5 -16.5 0 0.537037 0.985714
-1.5 13.5 0 0.574074 0.128571
-1.5 12.5 0 0.574074 0.157143
-1.5 11.5 0 0.574074 0.185714
-1.5 10.5 0 0.574074 0.214286
-1.5 9.5 0 0.574074 0.242857
-1.5 8.5 0 0.574074 0.271429
-1.5 7.5 0 0.574074 0.3
-1.5 6.5 0 0.574074 0.328571
-1.5 5.5 0 0.574074 0.357143
-1.5 4.5 0 0.574074 0.385714
-1.5 3.5 0 0.574074 0.414286
-1.5 2.5 0 0.574074 0.442857
-1.5 1.5 0 0.574074 0.471429
-1.5 0.5 0 0.574074 0.5
-1.5 -0.5 0 0.574074 0.528571
-1.5 -1.5 0 0.574074 0.557143
-1.5 -2.5 0 0.574074 0.585714
-1.5 -3.5 0 0.574074 0.614286
-1.5 -4.5 0 0.574074 0.642857
-1.5 -5.5 0 0.574074 0.671429
-1.5 -6.5 0 0.574074 0.7
-1.5 -7.5 0 0.574074 0.728571
-1.5 -8.5 0 0.574074 0.757143
-1.5 -9.5 0 0.574074 0.785714
-1.5 -10.5 0 0.574074 0.814286
-1.5 -11.5 0 0.574074 0.842857
-1.5 -12.5 0 0.574074 0.871429
-1.5 -13.5 0 0.574074 0.9
-1.5 -14.5 0 0.574074 0.928571
-1.5 -15.5 0 0.574074 0.957143
-1.5 -16.5 0 0.574074 0.985714
-2.5 13.5 0 0.611111 0.128571
-2.5 12.5 0 0.611111 0.157143
-2.5 11.5 0 0.611111 0.185714
-2.5 10.5 0 0.611111 0.214286
-2.5 9.5 0 0.611111 0.242857
-2.5 8.5 0 0.611111 0.271429
-2.5 7.5 0 0.611111 0.3
-2.5 6.5 0 0.611111 0.328571
-2.5 5.5 0 0.611111 0.357143
-2.5 4.5 0 0.611111 0.385714
-2.5 3.5 0 0.611111 0.414286
-2.5 2.5 0 0.611111 0.442857
-2.5 1.5 0 0.611111 0.471429
-2.5 0.5 0 0.611111 0.5
-2.5 -0.5 0 0.611111 0.528571
-2.5 -10.5 0 0.611111 0.814286
-2.5 -11.5 0 0.611111 0.842857
-2.5 -12.5 0 0.611111 0.871429
-2.5 -13.5 0 0.611111 0.9
-2.5 -14.5 0 0.611111 0.928571
-2.5 -15.5 0 0.611111 0.957143
-2.5 -16.5 0 0.611111 0.985714
-3.5 13.5 0 0.648148 0.128571
-3.5 12.5 0 0.648148 0.157143
-3.5 11.5 0 0.648148 0.185714
-3.5 10.5 0 0.648148 0.214286
-3.5 9.5 0 0.648148 0.242857
-3.5 8.5 0 0.648148 0.271429
-3.5 7.5 0 0.648148 0.3
-3.5 6.5 0 0.648148 0.328571
-3.5 5.5 0 0.648148 0.357143
-3.5 4.5 0 0.648148 0.385714
-3.5 3.5 0 0.648148 0.414286
-3.5 2.5 0 0.648148 0.442857
-3.5 1.5 0 0.648148 0.471429
-3.5 0.5 0 0.648148 0.5
-3.5 -0.5 0 0.648148 0.528571
-3.5 -1.5 0 0.648148 0.557143
-3.5 -2.5 0 0.648148 0.585714
-3.5 -3.5 0 0.648148 0.614286
-3.5 -4.5 0 0.648148 0.642857
-3.5 -5.5 0 0.648148 0.671429
-3.5 -6.5 0 0.648148 0.7
-3.5 -7.5 0 0.648148 0.728571
-3.5 -8.5 0 0.648148 0.757143
-3.5 -9.5 0 0.648148 0.785714
-3.5 -10.5 0 0.648148 0.814286
-3.5 -11.5 0 0.648148 0.842857
-3.5 -12.5 0 0.648148 0.871429
-3.5 -13.5 0 0.648148 0.9
-3.5 -14.5 0 0.648148 0.928571
-3.5 -15.5 0 0.648148 0.957143
-3.5 -16.5 0 0.648148 0.985714
-4.5 12.5 0 0.685185 0.157143
-4.5 11.5 0 0.685185 0.185714
-4.5 10.5 0 0.685185 0.214286
-4.5 9.5 0 0.685185 0.242857
-4.5 8.5 0 0.685185 0.271429
-4.5 7.5 0 0.685185 0.3
-4.5 6.5 0 0.685185 0.328571
-4.5 5.5 0 0.685185 0.357143
-4.5 4.5 0 0.685185 0.385714
-4.5 3.5 0 0.685185 0.414286
-4.5 2.5 0 0.685185 0.442857
-4.5 1.5 0 0.685185 0.471429
-4.5 0.5 0 0.685185 0.5
-4.5 -0.5 0 0.685185 0.528571
-4.5 -1.5 0 0.685185 0.557143
-4.5 -2.5 0 0.685185 0.585714
-4.5 -3.5 0 0.685185 0.614286
-4.5 -4.5 0 0.685185 0.642857
-4.5 -5.5 0 0.685185 0.671429
-4.5 -6.5 0 0.685185 0.7
-4.5 -7.5 0 0.685185 0.728571
-4.5 -8.5 0 0.685185 0.757143
-4.5 -9.5 0 0.685185 0.785714
-4.5 -10.5 0 0.685185 0.814286
-4.5 -11.5 0 0.685185 0.842857
-4.5 -12.5 0 0.685185 0.871429
-5.5 9.5 0 0.722222 0.242857
-5.5 8.5 0 0.722222 0.271429
-5.5 7.5 0 0.722222 0.3
-5.5 6.5 0 0.722222 0.328571
-5.5 5.5 0 0.722222 0.357143
-5.5 4.5 0 0.722222 0.385714
-5.5 3.5 0 0.722222 0.414286
-5.5 2.5 0 0.722222 0.442857
-5.5 1.5 0 0.722222 0.471429
-5.5 0.5 0 0.722222 0.5
-5.5 -0.5 0 0.722222 0.528571
-5.5 -1.5 0 0.722222 0.557143
-5.5 -2.5 0 0.722222 0.585714
-5.5 -3.5 0 0.722222 0.614286
-5.5 -4.5 0 0.722222 0.642857
-5.5 -5.5 0 0.722222 0.671429
-5.5 -6.5 0 0.722222 0.7
-5.5 -7.5 0 0.722222 0.728571
-5.5 -8.5 0 0.722222 0.757143
-5.5 -9.5 0 0.722222 0.785714
-5.5 -10.5 0 0.722222 0.814286
-5.5 -11.5 0 0.722222 0.842857
-5.5 -12.5 0 0.722222 0.871429
-5.5 -13.5 0 0.722222 0.9
-6.5 8.5 0 0.759259 0.271429
-6.5 7.5 0 0.759259 0.3
-6.5 6.5 0 0.759259 0.328571
-6.5 5.5 0 0.759259 0.357143
-6.5 4.5 0 0.759259 0.385714
-6.5 3.5 0 0.759259 0.414286
-6.5 2.5 0 0.759259 0.442857
-6.5 1.5 0 0.759259 0.471429
-6.5 0.5 0 0.759259 0.5
-6.5 -0.5 0 0.759259 0.528571
-6.5 -1.5 0 0.759259 0.557143
-6.5 -2.5 0 0.759259 0.585714
-6.5 -3.5 0 0.759259 0.614286
-6.5 -4.5 0 0.759259 0.642857
-6.5 -5.5 0 0.759259 0.671429
-6.5 -6.5 0 0.759259 0.7
-6.5 -7.5 0 0.759259 0.728571
-6.5 -8.5 0 0.759259 0.757143
-6.5 -9.5 0 0.759259 0.785714
-6.5 -10.5 0 0.759259 0.814286
-6.5 -11.5 0 0.759259 0.842857
-6.5 -12.5 0 0.759259 0.871429
-6.5 -13.5 0 0.759259 0.9
-6.5 -14.5 0 0.759259 0.928571
-6.5 -15.5 0 0.759259 0.957143
-7.5 8.5 0 0.796296 0.271429
-7.5 7.5 0 0.796296 0.3
-7.5 6.5 0 0.796296 0.328571
-7.5 5.5 0 0.796296 0.357143
-7.5 4.5 0 0.796296 0.385714
-7.5 3.5 0 0.796296 0.414286
-7.5 2.5 0 0.796296 0.442857
-7.5 1.5 0 0.796296 0.471429
-7.5 0.5 0 0.796296 0.5
-7.5 -0.5 0 0.796296 0.528571
-7.5 -1.5 0 0.796296 0.557143
-7.5 -2.5 0 0.796296 0.585714
-7.5 -3.5 0 0.796296 0.614286
-7.5 -4.5 0 0.796296 0.642857
-7.5 -5.5 0 0.796296 0.671429
-7.5 -6.5 0 0.796296 0.7
-7.5 -7.5 0 0.796296 0.728571
-7.5 -8.5 0 0.796296 0.757143
-7.5 -9.5 0 0.796296 0.785714
-7.5 -10.5 0 0.796296 0.814286
-7.5 -11.5 0 0.796296 0.842857
-7.5 -12.5 0 0.796296 0.871429
-7.5 -13.5 0 0.796296 0.9
-7.5 -14.5 0 0.796296 0.928571
-7.5 -15.5 0 0.796296 0.957143
-7.5 -16.5 0 0.796296 0.985714
-8.5 8.5 0 0.833333 0.271429
-8.5 7.5 0 0.833333 0.3
-8.5 6.5 0 0.833333 0.328571
-8.5 5.5 0 0.833333 0.357143
-8.5 4.5 0 0.833333 0.385714
-8.5 3.5 0 0.833333 0.414286
-8.5 2.5 0 0.833333 0.442857
-8.5 1.5 0 0.833333 0.471429
-8.5 0.5 0 0.833333 0.5
-8.5 -0.5 0 0.833333 0.528571
-8.5 -1.5 0 0.833333 0.557143
-8.5 -2.5 0 0.833333 0.585714
-8.5 -3.5 0 0.833333 0.614286
-8.5 -4.5 0 0.833333 0.642857
-8.5 -5.5 0 0.833333 0.671429
-8.5 -6.5 0 0.833333 0.7
-8.5 -7.5 0 0.833333 0.728571
-8.5 -8.5 0 0.833333 0.757143
-8.5 -9.5 0 0.833333 0.785714
-8.5 -10.5 0 0.833333 0.814286
-8.5 -11.5 0 0.833333 0.842857
-8.5 -12.5 0 0.833333 0.871429
-8.5 -13.5 0 0.833333 0.9
-8.5 -14.5 0 0.833333 0.928571
-8.5 -15.5 0 0.833333 0.957143
-8.5 -16.5 0 0.833333 0.985714
-9.5 6.5 0 0.87037 0.328571
-9.5 5.5 0 0.87037 0.357143
-9.5 4.5 0 0.87037 0.385714
-9.5 3.5 0 0.87037 0.414286
-9.5 2.5 0 0.87037 0.442857
-9.5 1.5 0 0.87037 0.471429
-9.5 0.5 0 0.87037 0.5
-9.5 -0.5 0 0.87037 0.528571
-9.5 -1.5 0 0.87037 0.557143
-9.5 -2.5 0 0.87037 0.585714
-9.5 -3.5 0 0.87037 0.614286
-9.5 -4.5 0 0.87037 0.642857
-9.5 -5.5 0 0.87037 0.671429
-9.5 -6.5 0 0.87037 0.7
-9.5 -7.5 0 0.87037 0.728571
-9.5 -8.5 0 0.87037 0.757143
-9.5 -9.5 0 0.87037 0.785714
-9.5 -10.5 0 0.87037 0.814286
-9.5 -11.5 0 0.87037 0.842857
-9.5 -12.5 0 0.87037 0.871429
-9.5 -13.5 0 0.87037 0.9
-9.5 -14.5 0 0.87037 0.928571
-9.5 -15.5 0 0.87037 0.957143
-9.5 -16.5 0 0.87037 0.985714
-10.5 -0.5 0 0.907407 0.528571
-10.5 -1.5 0 0.907407 0.557143
-10.5 -2.5 0 0.907407 0.585714
-10.5 -3.5 0 0.907407 0.614286
-10.5 -4.5 0 0.907407 0.642857
-10.5 -5.5 0 0.907407 0.671429
-10.5 -6.5 0 0.907407 0.7
-10.5 -7.5 0 0.907407 0.728571
-10.5 -8.5 0 0.907407 0.757143
-10.5 -9.5 0 0.907407 0.785714
-10.5 -10.5 0 0.907407 0.814286
-10.5 -11.5 0 0.907407 0.842857
-10.5 -12.5 0 0.907407 0.871429
-10.5 -13.5 0 0.907407 0.9
-10.5 -14.5 0 0.907407 0.928571
-11.5 -3.5 0 0.944444 0.614286
-11.5 -4.5 0 0.944444 0.642857
-11.5 -5.5 0 0.944444 0.671429
-11.5 -6.5 0 0.944444 0.7
-11.5 -7.5 0 0.944444 0.728571
-11.5 -8.5 0 0.944444 0.757143
-11.5 -9.5 0 0.944444 0.785714
-11.5 -10.5 0 0.944444 0.814286
-11.5 -11.5 0 0.944444 0.842857
-11.5 -12.5 0 0.944444 0.871429
-12.5 -6.5 0 0.981481 0.7
-12.5 -7.5 0 0.981481 0.728571
-12.5 -8.5 0 0.981481 0.757143
-12.5 -9.5 0 0.981481 0.785714
